# Y   EPE_left   EPE_right
1.000000000000000000e+02 -2.443681178614227747e+02 2.453690365312370432e+02
1.010000000000000000e+02 -2.443680950281977573e+02 2.453690136484048026e+02
1.020000000000000000e+02 -2.443680681417233416e+02 2.453689867038315811e+02
1.030000000000000000e+02 -2.443680407647833874e+02 2.453689592678027793e+02
1.040000000000000000e+02 -2.443680169601448142e+02 2.453689354118052393e+02
1.050000000000000000e+02 -2.443679953084927092e+02 2.453689137134867337e+02
1.060000000000000000e+02 -2.443679717538023226e+02 2.453688901080776077e+02
1.070000000000000000e+02 -2.443679464311237552e+02 2.453688647308885038e+02
1.080000000000000000e+02 -2.443679228760941555e+02 2.453688411251403636e+02
1.090000000000000000e+02 -2.443679012238536075e+02 2.453688194262337561e+02
1.100000000000000000e+02 -2.443678774182769473e+02 2.453687955692988680e+02
1.110000000000000000e+02 -2.443678500398801248e+02 2.453687681318144200e+02
1.120000000000000000e+02 -2.443678231515905850e+02 2.453687411854276661e+02
1.130000000000000000e+02 -2.443678003165859423e+02 2.453687183008177612e+02
1.140000000000000000e+02 -2.443677798060705868e+02 2.453686977452391602e+02
1.150000000000000000e+02 -2.443677584814939792e+02 2.453686763733820158e+02
1.160000000000000000e+02 -2.443677369125965697e+02 2.453686547566401828e+02
1.170000000000000000e+02 -2.443677169938818849e+02 2.453686347942900170e+02
1.180000000000000000e+02 -2.443676971331178720e+02 2.453686148911613714e+02
1.190000000000000000e+02 -2.443676742563453104e+02 2.453685919665683741e+02
1.200000000000000000e+02 -2.443676493688298024e+02 2.453685670272975017e+02
1.210000000000000000e+02 -2.443676267297512936e+02 2.453685443410503808e+02
1.220000000000000000e+02 -2.443676076827424595e+02 2.453685252542236412e+02
1.230000000000000000e+02 -2.443675893925587843e+02 2.453685069258248177e+02
1.240000000000000000e+02 -2.443675701378128622e+02 2.453684876310293816e+02
1.250000000000000000e+02 -2.443675517683013254e+02 2.453684692233896385e+02
1.260000000000000000e+02 -2.443675355670004876e+02 2.453684529882145853e+02
1.270000000000000000e+02 -2.443675194616678255e+02 2.453684368487499228e+02
1.280000000000000000e+02 -2.443675015909144008e+02 2.453684189399536422e+02
1.290000000000000000e+02 -2.443674835431876886e+02 2.453684008538933199e+02
1.300000000000000000e+02 -2.443674673194167326e+02 2.453683845955727065e+02
1.310000000000000000e+02 -2.443674515740017625e+02 2.453683688162544172e+02
1.320000000000000000e+02 -2.443674339920786736e+02 2.453683511962663033e+02
1.330000000000000000e+02 -2.443674154821727882e+02 2.453683326464050083e+02
1.340000000000000000e+02 -2.443673985348213762e+02 2.453683156625140782e+02
1.350000000000000000e+02 -2.443673826830960820e+02 2.453682997763497724e+02
1.360000000000000000e+02 -2.443673653097020235e+02 2.453682823649695024e+02
1.370000000000000000e+02 -2.443673463652200155e+02 2.453682633791968897e+02
1.380000000000000000e+02 -2.443673283829330671e+02 2.453682453579819480e+02
1.390000000000000000e+02 -2.443673116561755307e+02 2.453682285951823587e+02
1.400000000000000000e+02 -2.443672933510096641e+02 2.453682102507312948e+02
1.410000000000000000e+02 -2.443672723058914471e+02 2.453681891608219985e+02
1.420000000000000000e+02 -2.443672507550529360e+02 2.453681675645883615e+02
1.430000000000000000e+02 -2.443672295190963268e+02 2.453681462841300345e+02
1.440000000000000000e+02 -2.443672053316301458e+02 2.453681220458620373e+02
1.450000000000000000e+02 -2.443671758691785669e+02 2.453680925214908370e+02
1.460000000000000000e+02 -2.443671443534937850e+02 2.453680609394992302e+02
1.470000000000000000e+02 -2.443671155213483814e+02 2.453680320456566051e+02
1.480000000000000000e+02 -2.443670892641413275e+02 2.453680057298810766e+02
1.490000000000000000e+02 -2.443670623094207599e+02 2.453679787129714782e+02
1.500000000000000000e+02 -2.443670345774295640e+02 2.453679509166906882e+02
1.510000000000000000e+02 -2.448478800376184381e+02 2.458498891661061521e+02
1.520000000000000000e+02 -2.453938271824100354e+02 2.463982387288859854e+02
1.530000000000000000e+02 -2.462074713394782179e+02 2.472186432108543386e+02
1.540000000000000000e+02 -2.473262209377149077e+02 2.483722340218881754e+02
1.550000000000000000e+02 -2.513817247317511487e+02 -2.551978041598464415e+02
3.580000000000000000e+02 -2.513737741054840455e+02 -2.552022521657250991e+02
3.590000000000000000e+02 -2.473355609251710803e+02 2.483823371127414248e+02
3.600000000000000000e+02 -2.462271688988813878e+02 2.472389217452331991e+02
3.610000000000000000e+02 -2.454366360291319324e+02 2.464415112791881484e+02
3.620000000000000000e+02 -2.449527047994718885e+02 2.459549956230157477e+02
3.630000000000000000e+02 -2.449527452183898788e+02 2.459550361505042133e+02
3.640000000000000000e+02 -2.449527893691269469e+02 2.459550804206345447e+02
3.650000000000000000e+02 -2.449528320931592589e+02 2.459551232592528436e+02
3.660000000000000000e+02 -2.449528721234330533e+02 2.459551633907680070e+02
3.670000000000000000e+02 -2.449529139762327929e+02 2.459552053411765087e+02
3.680000000000000000e+02 -2.449529588120636276e+02 2.459552502778215626e+02
3.690000000000000000e+02 -2.449530006628280034e+02 2.459552922224635267e+02
3.700000000000000000e+02 -2.449530349313038755e+02 2.459553265677328113e+02
3.710000000000000000e+02 -2.449530648183129244e+02 2.459553565214338278e+02
3.720000000000000000e+02 -2.449530952577206335e+02 2.459553870295957267e+02
3.730000000000000000e+02 -2.449531253512157605e+02 2.459554171926169488e+02
3.740000000000000000e+02 -2.449531518083219623e+02 2.459554437119189743e+02
3.750000000000000000e+02 -2.449531761160274641e+02 2.459554680772324105e+02
3.760000000000000000e+02 -2.449532024096050691e+02 2.459554944337054394e+02
3.770000000000000000e+02 -2.449532303538824749e+02 2.459555224457252507e+02
3.780000000000000000e+02 -2.449532560877834726e+02 2.459555482423900230e+02
3.790000000000000000e+02 -2.449532793860701645e+02 2.459555715967933338e+02
3.800000000000000000e+02 -2.449533040638739578e+02 2.459555963331312114e+02
3.810000000000000000e+02 -2.449533310638890669e+02 2.459556233973356143e+02
3.820000000000000000e+02 -2.449533568103148582e+02 2.459556492053326338e+02
3.830000000000000000e+02 -2.449533797096821672e+02 2.459556721588622281e+02
3.840000000000000000e+02 -2.449534029789424210e+02 2.459556954819111638e+02
3.850000000000000000e+02 -2.449534287852419823e+02 2.459557213475289927e+02
3.860000000000000000e+02 -2.449534544159020015e+02 2.459557470373815704e+02
3.870000000000000000e+02 -2.449534773727332322e+02 2.459557700467332779e+02
3.880000000000000000e+02 -2.449535000385468493e+02 2.459557927628904395e+02
3.890000000000000000e+02 -2.449535254677640523e+02 2.459558182476617390e+02
3.900000000000000000e+02 -2.449535521881514342e+02 2.459558450267118701e+02
3.910000000000000000e+02 -2.449535777490756630e+02 2.459558706443215783e+02
3.920000000000000000e+02 -2.449536044727867932e+02 2.459558974273272725e+02
3.930000000000000000e+02 -2.449536362119357307e+02 2.459559292363103395e+02
3.940000000000000000e+02 -2.449536711152497332e+02 2.459559642160438102e+02
3.950000000000000000e+02 -2.449537034743961499e+02 2.459559966468487460e+02
3.960000000000000000e+02 -2.449537322696315300e+02 2.459560255087292262e+02
3.970000000000000000e+02 -2.449537619847136227e+02 2.459560552964463227e+02
3.980000000000000000e+02 -2.449537945217416564e+02 2.459560879149993298e+02
3.990000000000000000e+02 -2.449538266101379236e+02 2.459561200837731008e+02
4.000000000000000000e+02 -2.449538571388024764e+02 2.459561506876016779e+02
4.010000000000000000e+02 -2.449538907080038257e+02 2.459561843376149000e+02
4.020000000000000000e+02 -2.449539300142630793e+02 2.459562237374572646e+02
4.030000000000000000e+02 -2.449539699901983738e+02 2.459562638083386332e+02
4.040000000000000000e+02 -2.449540047180338718e+02 2.459562986186040803e+02
4.050000000000000000e+02 -2.449540362187204607e+02 2.459563301939382427e+02
4.060000000000000000e+02 -2.449540703959879977e+02 2.459563644520699768e+02
4.070000000000000000e+02 -2.449541071084966575e+02 2.459564012514051115e+02
4.080000000000000000e+02 -2.449541412858096407e+02 2.459564355095831161e+02
4.090000000000000000e+02 -2.449541727866016458e+02 2.459564670850243147e+02
4.100000000000000000e+02 -2.449542075146549678e+02 2.459565018955102573e+02
4.110000000000000000e+02 -2.449542474909706868e+02 2.459565419667765127e+02
