# Worst EPE per Monte Carlo trial
2.960574268617492635e+02
2.960574268617492635e+02
2.960574268617492635e+02
2.960574268617492635e+02
2.965889411289638815e+02
2.965889411289638815e+02
2.960574268617492635e+02
2.960574268617492635e+02
2.960574268617492635e+02
2.960574268617492635e+02
2.968164415931166218e+02
2.960574268617492635e+02
2.960574268617492635e+02
2.960574268617492635e+02
2.968164415931166218e+02
2.961840643923977154e+02
2.962785851188033348e+02
2.960574268617492635e+02
2.960574268617492635e+02
2.960574268617492635e+02
2.960574268617492635e+02
2.965889411289638815e+02
2.965889411289638815e+02
2.965889411289638815e+02
2.960574268617492635e+02
2.962785851188033348e+02
2.960574268617492635e+02
2.960574268617492635e+02
2.960574268617492635e+02
2.960574268617492635e+02
2.960574268617492635e+02
2.960574268617492635e+02
2.962785851188033348e+02
2.960574268617492635e+02
2.965889411289638815e+02
2.969057089380397656e+02
2.960574268617492635e+02
2.960574268617492635e+02
2.960574268617492635e+02
2.960574268617492635e+02
