# Rows=Focus, Cols=Dose
2.933018922543801068e+02 2.933018922543801068e+02 2.933018922543801068e+02 2.933018922543801068e+02 2.933018922543801068e+02 2.933018922543801068e+02 2.927746573732091520e+02 2.927746573732091520e+02 2.927746573732091520e+02
2.933018922543801068e+02 2.933018922543801068e+02 2.933018922543801068e+02 2.933018922543801068e+02 2.933018922543801068e+02 2.933018922543801068e+02 2.927746573732091520e+02 2.927746573732091520e+02 2.927746573732091520e+02
2.933018922543801068e+02 2.933018922543801068e+02 2.927746573732091520e+02 2.927746573732091520e+02 2.927746573732091520e+02 2.927746573732091520e+02 2.924534150937546997e+02 2.924534150937546997e+02 2.924534150937546997e+02
2.927746573732091520e+02 2.927746573732091520e+02 2.924534150937546997e+02 2.924534150937546997e+02 2.924534150937546997e+02 2.924534150937546997e+02 2.922498930709812726e+02 2.919246478117255492e+02 2.919246478117255492e+02
2.924534150937546997e+02 2.924534150937546997e+02 2.922498930709812726e+02 2.919246478117255492e+02 2.919246478117255492e+02 2.919246478117255492e+02 2.916058984314274767e+02 2.916058984314274767e+02 2.916058984314274767e+02
2.919246478117255492e+02 2.916058984314274767e+02 2.916058984314274767e+02 2.913983527750285702e+02 2.913983527750285702e+02 2.910755915565576970e+02 2.910755915565576970e+02 2.910755915565576970e+02 2.910755915565576970e+02
2.910755915565576970e+02 2.910755915565576970e+02 2.910755915565576970e+02 2.907593506664919119e+02 2.907593506664919119e+02 2.905477585527033284e+02 2.905477585527033284e+02 2.902274969743563133e+02 2.902274969743563133e+02
2.905477585527033284e+02 2.905477585527033284e+02 2.902274969743563133e+02 2.902274969743563133e+02 2.900224129270011986e+02 2.899137802864844957e+02 2.896981187374194633e+02 2.896981187374194633e+02 2.893803725203214299e+02
2.896981187374194633e+02 2.896981187374194633e+02 2.896981187374194633e+02 2.893803725203214299e+02 2.891712295509357773e+02 2.891712295509357773e+02 2.888494417512348491e+02 2.888494417512348491e+02 2.888494417512348491e+02
